#BASIS SET
H SZV-GTH
  1
  1  0  0  4  1
16.7488700018 -0.0283380461
3.611736292 -0.1333810052
0.9705056656 -0.3995676063
0.3316473864 -0.5531027541
#
#BASIS SET
C SZV-GTH
  1
  2  0  1  4  1  1
8.6724752872 0.1490797872 -0.0878123619
2.5763677026 -0.0292640031 -0.27755603
0.8075534298 -0.688204051 -0.4712295093
0.2375755314 -0.3964426906 -0.4058039291
#
#BASIS SET
N SZV-GTH
  1
  2  0  1  4  1  1
12.3053806826 0.1506300537 -0.0950603476
3.647266456 -0.0360100734 -0.2918864295
1.135325774 -0.6942023212 -0.473905005
0.3256445704 -0.3878929987 -0.389341867
#
#BASIS SET
O SZV-GTH
  1
  2  0  1  4  1  1
16.6087710984 0.1510165999 -0.0995679273
4.9158968382 -0.0393195364 -0.3011422449
1.5194746868 -0.6971724029 -0.4750857083
0.4272777264 -0.3841133622 -0.3798777957
#
#BASIS SET
F SZV-GTH
  1
  2  0  1  4  1  1
21.4159665694 0.1525178777 -0.1028649478
6.3514420408 -0.0450363043 -0.308526561
1.95019513 -0.6987425604 -0.4757649909
0.5402493542 -0.3801470341 -0.3724954705
#
#BASIS SET
Mg SZV-GTH
  1
  2  0  1  6  2  1
56.9788000896 -0.0662729183 0.0165018731 0.0464558886
23.455640914 -0.1706135571 0.0374283767 0.1664914738
8.8887883684 0.2494781478 -0.051734728 0.3580941241
3.2140532568 0.6423214818 -0.2647624258 0.4356599896
1.138126092 0.2933234669 -0.0948461091 0.222955855
0.1526992918 -0.0002717019 1.0630071183 0.0085986529
#
#BASIS SET
Al SZV-GTH
  1
  3  0  1  4  1  1
1.9008551916 0.2820078575 0.0257257859
0.5894733318 -0.2787607042 -0.2528156908
0.224885357 -0.7494973519 -0.5124696636
0.0792007262 -0.1645895071 -0.3831165034
#
#BASIS SET
Si SZV-GTH
  1
  3  0  1  4  1  1
2.40648072 0.3290356759 0.0474536439
0.937677194 -0.2533162616 -0.2594495462
0.335970782 -0.7870936517 -0.5440932235
0.115123378 -0.1909870193 -0.3623984652
#
#BASIS SET
P SZV-GTH
  1
  3  0  1  4  1  1
2.9921815986 0.3653124842 0.0816205767
1.4338134934 -0.2125748699 -0.2627397053
0.4822929562 -0.8136091436 -0.5627246555
0.1606829354 -0.2362413556 -0.3691448735
#
#BASIS SET
S SZV-GTH
  1
  3  0  1  4  1  1
3.6759259156 0.3832142891 0.1221358296
2.0715460168 -0.1682257315 -0.2752002461
0.659593975 -0.8258488166 -0.5729054592
0.2147070942 -0.2832758052 -0.3825468137
#
#BASIS SET
Cl SZV-GTH
  1
  3  0  1  4  1  1
4.4643519656 0.3787844947 0.1555385229
2.757547258 -0.1239714599 -0.2931741896
0.852980809 -0.8298226129 -0.5781097351
0.2733340624 -0.3175023225 -0.390111087
END
